D, bits in q (base field size), bits in r
283, 92, 73
443, 103, 89
947, 114, 114
1003, 291, 247
3139, 121, 69
3987, 103, 89
8499, 105, 105
8523, 114, 114
9563, 201, 181
9883, 142, 119
11387, 146, 115
11499, 85, 82
18467, 179, 155
19587, 124, 124
23563, 124, 106
25187, 124, 90
28251, 121, 69
34243, 92, 73
48747, 82, 72
53147, 137, 127
60859, 97, 97
62003, 159, 158
78459, 140, 110
83507, 85, 70
93259, 124, 124
105171, 196, 185
125499, 112, 73
128227, 80, 73
139051, 133, 130
140963, 437, 420
147883, 138, 125
173203, 145, 141
176283, 124, 124
178163, 97, 76
191963, 122, 121
205483, 252, 240
210747, 134, 131
238859, 407, 383
249563, 252, 234
257883, 82, 72
277699, 175, 167
278027, 190, 181
285707, 311, 289
290491, 114, 100
311387, 522, 514
313123, 463, 455
313851, 203, 200
351691, 88, 76
351707, 92, 58
366059, 155, 136
369947, 98, 74
374691, 97, 87
417227, 94, 72
462403, 117, 117
476971, 347, 332
478259, 89, 67
481843, 359, 356
496659, 224, 224
519243, 248, 224
525379, 84, 73
536707, 113, 109
545331, 83, 65
557611, 124, 121
583067, 177, 150
594739, 677, 650
609331, 107, 95
621771, 202, 193
658779, 199, 194
682627, 81, 68
684811, 126, 126
706131, 140, 110
735243, 104, 90
762779, 115, 81
798331, 95, 84
813443, 146, 125
840347, 175, 161
846203, 216, 179
848051, 148, 134
849683, 126, 116
851827, 120, 95
873867, 486, 442
885067, 135, 116
893651, 97, 85
926531, 125, 109
946539, 196, 185
972483, 1357, 1357
1000659, 98, 94
1010083, 80, 64
1042779, 89, 70
1045563, 121, 116
1047587, 119, 97
1060147, 203, 203
1084843, 190, 163
1130603, 88, 70
1190587, 162, 113
1202363, 153, 139
1219163, 92, 69
1229811, 133, 121
1256611, 85, 81
1317019, 106, 99
1333123, 136, 123
1353203, 82, 79
1363283, 83, 59
1374603, 123, 109
1410947, 165, 114
1430907, 135, 135
1433587, 96, 83
1455123, 87, 82
1457731, 91, 64
1475251, 313, 313
1479099, 102, 87
1518627, 144, 117
1535827, 375, 375
1540667, 92, 72
1541819, 90, 58
1573843, 111, 94
1575507, 202, 199
1586547, 124, 124
1587203, 26, 13
1592203, 26, 15
1599491, 62, 41
1600203, 187, 164
1601083, 28, 14
1601459, 26, 11
1602707, 108, 83
1603467, 97, 76
1611011, 37, 21
1619067, 91, 39
1621531, 44, 24
1625523, 56, 44
1633643, 54, 47
1635003, 31, 8
1641323, 20, 15
1644283, 20, 13
1644947, 60, 48
1647787, 36, 21
1650891, 33, 15
1657371, 28, 22
1659963, 46, 33
1662707, 43, 41
1665787, 37, 22
1680899, 49, 47
1682347, 123, 111
1686003, 20, 15
1689003, 20, 11
1692819, 32, 28
1695003, 296, 296
1700219, 30, 9
1713723, 44, 35
1716683, 83, 65
1731283, 20, 11
1732403, 41, 27
1734323, 20, 15
1738083, 40, 40
1743627, 123, 113
1743787, 32, 15
1747891, 45, 27
1749563, 20, 14
1752619, 20, 11
1765467, 61, 28
1771283, 91, 78
1771547, 33, 21
1778187, 23, 23
1781379, 36, 24
1786283, 79, 71
1788347, 31, 17
1803523, 47, 47
1807467, 163, 163
1814923, 106, 58
1816707, 40, 34
1823643, 20, 11
1825923, 30, 19
1826763, 20, 9
1835683, 193, 180
1836603, 41, 14
1841787, 44, 24
1842403, 20, 16
1845539, 20, 10
1848267, 35, 15
1851307, 53, 42
1851883, 65, 41
1852507, 41, 39
1857803, 36, 17
1858747, 54, 30
1862667, 54, 51
1868947, 38, 35
1869859, 27, 19
1871459, 35, 27
1883187, 73, 56
1887923, 44, 31
1910483, 97, 75
1916147, 40, 28
1930147, 23, 12
1932659, 33, 31
1939979, 27, 12
1947219, 45, 39
1957003, 87, 64
1959627, 41, 26
1960683, 177, 148
1964491, 46, 46
1965979, 48, 40
1972339, 167, 152
1974603, 509, 509
1978307, 36, 29
1980347, 68, 46
1988627, 103, 89
1993651, 52, 52
1995939, 20, 16
1999203, 20, 17
2006827, 23, 13
2017747, 23, 13
2020491, 76, 50
2021883, 38, 16
2030051, 28, 13
2045179, 20, 20
2048483, 20, 12
2049707, 39, 19
2052019, 70, 62
2057267, 68, 49
2062467, 43, 14
2077227, 23, 16
2084699, 60, 49
2109707, 74, 57
2139763, 28, 13
2149731, 407, 383
2159163, 57, 27
2163387, 33, 26
2163883, 44, 35
2168067, 23, 20
2172491, 62, 60
2208907, 35, 16
2212219, 473, 455
2217083, 20, 18
2220523, 20, 20
2223331, 36, 10
2237763, 20, 14
2241219, 20, 20
2242931, 65, 36
2248891, 47, 23
2257627, 559, 559
2259483, 27, 20
2260851, 23, 23
2269979, 81, 75
2270867, 37, 19
2287667, 39, 24
2290387, 98, 93
2295899, 158, 141
2305347, 42, 37
2315947, 87, 79
2361259, 31, 17
2369603, 43, 36
2370027, 124, 124
2374523, 20, 19
2378083, 20, 20
2387587, 23, 18
2390363, 26, 24
2392643, 129, 129
2403763, 184, 158
2405587, 32, 32
2413531, 47, 31
2417027, 33, 19
2424067, 389, 367
2427219, 27, 14
2439163, 106, 77
2440211, 23, 19
2445067, 55, 24
2452659, 53, 32
2456163, 58, 43
2458387, 45, 29
2460699, 20, 17
2461107, 97, 94
2462163, 96, 96
2464323, 20, 16
2475659, 34, 26
2475787, 265, 250
2482483, 20, 15
2483899, 32, 19
2484907, 23, 23
2486123, 20, 19
2486131, 87, 87
2487739, 27, 27
2492051, 34, 20
2497403, 188, 182
2507019, 27, 14
2508131, 61, 57
2517451, 34, 28
2517843, 29, 26
2521683, 31, 21
2537363, 20, 8
2538587, 23, 20
2541043, 20, 20
2547211, 52, 32
2550867, 23, 19
2571363, 311, 289
2575227, 110, 110
2592651, 90, 73
2592843, 20, 13
2596563, 20, 13
2614419, 114, 100
2626419, 20, 7
2630163, 20, 11
2641123, 35, 22
2643699, 32, 23
2674283, 31, 21
2682859, 20, 17
2686643, 20, 19
2703283, 32, 22
2705603, 20, 13
2706867, 23, 23
2707707, 47, 28
2709403, 20, 20
2750667, 30, 13
2756787, 28, 11
2762883, 20, 20
2763707, 201, 181
2763811, 30, 30
2766723, 20, 20
2785499, 48, 21
2787699, 104, 96
2797539, 20, 17
2801403, 20, 15
2816483, 37, 27
2837059, 32, 32
2846659, 60, 60
2865739, 33, 25
2877627, 29, 25
2878003, 29, 20
2886547, 122, 103
2894443, 177, 166
2899531, 59, 47
2899891, 125, 115
2904043, 29, 20
2914619, 20, 10
2918563, 20, 15
2929091, 24, 14
2932651, 164, 155
2957867, 45, 31
2961467, 33, 20
2968699, 50, 28
2970371, 42, 14
2974603, 32, 16
2984243, 27, 24
2994499, 61, 61
2994707, 36, 23
2994779, 46, 20
3005467, 269, 216
3008099, 38, 23
3011443, 99, 99
3012923, 27, 10
3013131, 51, 18
3022043, 20, 10
3026059, 20, 17
3032931, 34, 11
3049987, 46, 24
3058283, 20, 14
3062323, 20, 8
3064547, 47, 35
3072187, 49, 23
3072451, 64, 57
3074507, 150, 136
3080403, 43, 29
3109651, 24, 21
3123051, 95, 58
3125627, 37, 35
3132699, 29, 19
3161323, 48, 20
3164907, 34, 28
3165219, 88, 76
3167579, 38, 32
3169067, 121, 92
3171843, 50, 19
3180083, 122, 121
3183227, 31, 15
3191883, 27, 19
3196451, 52, 13
3211771, 1216, 1205
3217819, 21, 14
3221963, 21, 8
3222979, 47, 23
3226619, 55, 27
3241283, 58, 32
3245523, 53, 53
3283563, 65, 55
3285571, 54, 54
3294531, 155, 136
3295947, 110, 102
3309923, 63, 30
3319411, 24, 8
3323211, 85, 82
3329523, 98, 74
3330643, 21, 11
3334859, 21, 16
3335427, 65, 60
3346739, 42, 24
3350707, 84, 66
3352067, 113, 102
3357387, 24, 21
3362867, 31, 19
3368683, 21, 10
3372923, 21, 19
3385427, 115, 111
3387291, 721, 718
3405067, 32, 16
3406147, 30, 30
3406939, 21, 21
3411203, 21, 16
3418899, 32, 27
3422843, 28, 22
3432067, 251, 241
3432563, 21, 8
3433179, 93, 89
3436843, 21, 21
3441523, 65, 65
3447443, 172, 163
3448203, 81, 79
3468667, 569, 531
3468819, 83, 80
3470003, 28, 11
3492339, 284, 278
3493019, 216, 198
3497043, 21, 16
3500283, 58, 55
3501363, 21, 18
3502539, 28, 24
3504523, 31, 28
3506147, 565, 554
3508227, 29, 23
3511259, 69, 54
3511451, 24, 10
3537571, 134, 129
3547123, 27, 18
3572923, 51, 51
3580347, 105, 89
3582147, 29, 29
3582427, 41, 41
3588323, 21, 19
3592699, 21, 14
3601459, 21, 17
3603707, 70, 51
3605843, 21, 13
3616251, 35, 35
3621427, 58, 53
3634131, 32, 18
3635019, 35, 16
3643947, 24, 14
3653843, 49, 41
3667499, 21, 19
3671923, 21, 12
3691011, 38, 25
3693331, 81, 28
3710643, 28, 18
3711003, 44, 31
3711139, 121, 64
3721099, 36, 29
3724443, 51, 44
3726547, 33, 17
3726843, 706, 687
3735467, 47, 19
3744907, 29, 16
3746347, 66, 66
3750939, 64, 28
3753803, 57, 36
3759739, 28, 20
3763947, 24, 19
3787883, 21, 12
3792379, 21, 13
3792931, 46, 46
3812083, 79, 67
3829947, 24, 8
3843243, 28, 21
3848763, 425, 421
3861451, 34, 34
3866819, 62, 25
3877763, 36, 35
3884619, 60, 60
3888203, 38, 29
3896523, 21, 12
3901083, 21, 17
3901683, 79, 54
3910707, 44, 19
3923923, 21, 18
3928499, 21, 19
3931371, 32, 32
3936707, 48, 32
3937659, 21, 9
3942243, 21, 21
3946507, 41, 39
3965203, 21, 21
3969803, 21, 16
3984627, 36, 19
3990963, 88, 81
3993011, 67, 57
4006699, 21, 11
4008323, 78, 73
4010843, 37, 26
4011323, 21, 11
4029283, 84, 77
4036027, 24, 24
4039123, 451, 436
4063763, 46, 32
4073267, 51, 25
4082283, 37, 37
4093451, 24, 16
4096051, 69, 39
4096283, 28, 16
4100323, 62, 59
4100731, 96, 96
4101507, 46, 20
4108883, 567, 562
4112763, 42, 42
4119971, 24, 24
4132483, 21, 9
4135531, 53, 36
4136827, 42, 24
4137179, 21, 19
4143403, 92, 73
4146579, 21, 14
4151283, 21, 9
4161627, 117, 117
4162267, 24, 17
4192243, 29, 11
4195587, 89, 89
4196203, 79, 79
4203203, 21, 14
4207939, 21, 12
4209587, 49, 47
4213403, 81, 76
4223659, 29, 15
4235187, 42, 42
4272803, 35, 22
4273163, 215, 200
4280827, 40, 22
4287987, 1653, 1648
4290547, 90, 85
4308419, 70, 46
4325483, 1021, 1010
4329203, 219, 186
4329347, 773, 773
4334003, 43, 35
4339507, 53, 22
4345707, 100, 87
4354507, 93, 70
4364203, 44, 28
4365379, 117, 117
4371579, 35, 31
4373683, 46, 46
4376987, 24, 10
4383507, 106, 106
4389883, 21, 21
4394723, 21, 9
4399019, 78, 63
4408123, 45, 32
4450259, 36, 16
4461347, 34, 33
4464387, 24, 20
4498523, 30, 24
4521099, 91, 80
4524243, 36, 34
4590723, 223, 218
4616267, 74, 62
4622491, 106, 97
4626563, 28, 14
4633771, 51, 38
4637491, 37, 16
4640123, 21, 8
4643739, 28, 24
4645099, 21, 11
4646763, 54, 42
4655059, 21, 9
4656531, 43, 31
4660043, 21, 15
4673187, 248, 224
4674323, 32, 15
4682779, 27, 25
4703347, 24, 16
4720643, 71, 33
4730651, 36, 22
4736051, 31, 20
4739083, 52, 49
4743483, 50, 36
4748531, 24, 14
4763547, 38, 21
4791083, 66, 63
4811227, 126, 119
4830363, 113, 109
4843499, 27, 14
4866683, 21, 11
4866947, 38, 34
4871779, 21, 21
4873867, 315, 312
4881979, 21, 21
4887083, 21, 12
4891291, 60, 58
4960219, 28, 20
4962827, 62, 31
4967363, 248, 239
4968259, 277, 260
4975883, 30, 19
4976739, 43, 29
4978067, 48, 15
4983011, 266, 254
4989723, 21, 14
4994883, 21, 15
4998547, 35, 19
5009187, 35, 27
5017091, 33, 32
5018499, 124, 121
5020723, 21, 14
5025899, 21, 14
5027003, 35, 18
5043723, 64, 26
5044491, 29, 26
5053547, 24, 17
5061923, 44, 44
5063027, 135, 133
5070867, 24, 19
5083723, 33, 33
5091491, 59, 52
5114299, 21, 10
5119523, 21, 17
5123483, 44, 31
5123603, 59, 33
5166963, 38, 27
5174627, 59, 14
5177163, 21, 18
5182419, 21, 21
5186683, 441, 432
5192939, 21, 12
5198203, 21, 18
5200267, 43, 30
5210131, 37, 25
5210379, 49, 43
5216131, 50, 50
5216467, 89, 77
5222419, 89, 89
5224563, 21, 15
5229843, 21, 18
5232803, 59, 50
5242171, 24, 24
5256283, 21, 21
5261579, 21, 20
5289867, 24, 14
5329227, 290, 275
5337019, 73, 55
5342787, 53, 23
5352651, 677, 650
5370803, 45, 40
5384123, 21, 11
5389483, 21, 21
5403787, 24, 11
5407963, 28, 28
5410707, 57, 30
5423163, 28, 19
5464803, 21, 21
5470203, 21, 13
5471147, 34, 10
5474051, 95, 68
5482811, 24, 17
5497243, 21, 7
5499483, 35, 14
5501203, 32, 19
5502659, 21, 20
5544363, 30, 20
5549707, 24, 10
5550347, 39, 18
5559059, 67, 56
5562139, 47, 47
5591267, 78, 62
5595139, 21, 21
5600507, 78, 55
5600603, 21, 13
5611267, 67, 57
